965 3
1306
1920 5
2036
3266 9
3321
3918 11
4020
6144 18
6199
6796 20
6814
7111 21
9527
15914 44
15969
16575 46
16630
17236 48
17291
17897 50
17952
19749 53
19767 54
19785 55
19803
21311 57
21512
21812 58
22029
22636 59
22842 57
23114 58
23386 59
23658 57
23822 58
23986 59
25142
26650 57
26876
28388 58
28614
31990 85
32045
32642 87
32660
32957 88
39939
45321 107
45376
45986 109
46041
46651 111
46706
47909 113
47927 114
47945
48246 115
48264
48866 116
49065 117
49262 118
49464 116
49736 117
50008 118
51043 116
51207 117
51371 118
54050
55562 123
55596 116
55822
57334 117
57560
