959 3
1301
1915 5
2031
3261 9
3317
3914 11
4025
6149 18
6205
6802 20
6820
7117 21
9246
14673 40
14729
15335 42
15391
15997 44
16053
17256 46
17274 47
17292
17593 48
17611
18213 49
18460 50
18678 51
18876 49
19040 50
19204 51
19368 49
19594
20495 51
20721
22836 50
24783
28150 72
28206
28811 74
28829
29130 75
30200
35596 94
35652
36258 96
36314
36916 98
36972
38175 100
38193
38494 101
38512 102
38530
39132 103
39339 104
39539 105
39737 103
39901 104
40065 105
40229 103
40455
41360 105
41586
43701 104
43927
47282 126
47338
