959 3
1301
1915 5
2031
3261 9
3317
3914 11
4020
6144 18
6200
6797 20
6815
7112 21
9241
14668 40
14724
15330 42
15386
15992 44
16048
17251 46
17269 47
17287
17588 48
17606
18208 49
18455 50
18673 51
18871 50
19035 51
19199 49
19363 50
19470 51
19696
21204 50
22818 49
23044
24556 50
24782
28149 72
28205
28810 74
28828
29129 75
30199
35595 94
35651
36257 96
36313
36915 98
36971
38174 100
38192 101
38210
38511 102
38529
39131 103
39338 104
39538 105
39736 103
39818 105
39982 103
40064 104
40228 105
40454
41966 104
42192
43704 103
43930
47289 126
47345
