959 3
1301
1915 5
2031
3261 9
3317
3914 11
3971
6095 18
6151
6748 20
6766
7063 21
9192
14619 40
14675
15281 42
15337
15943 44
15999
17202 46
17220 47
17238
17539 48
17557
18159 49
18406 50
18624 51
18822 49
18986 50
19150 51
19540
21048 50
22769 49
22995
24507 50
24733
28100 72
28156
28761 74
28779
29080 75
30150
35546 94
35602
36208 96
36264
36866 98
36922
38125 100
38143 101
38161
38462 102
38480
39082 103
39289 104
39489 105
39687 103
39851 104
40015 105
40179 103
40405
41310 105
41536
43651 104
43877
47232 126
47288
