1265 3
1607
2221 5
2337
3567 9
3623
4220 11
4516
6640 18
6696
7293 20
7311
7608 21
8607
14034 40
14090
14696 42
14752
15358 44
15414
16617 46
16635 47
16653 48
16671
17574 49
17775 50
17993 51
18191 49
18355 50
18519 51
18683 49
18751 51
18819 50
18887 51
19156
20664 50
23955 49
29383
30895 50
31164
34531 72
34587
35192 74
35210
35511 75
38509
43905 94
43961
44567 96
44623
45225 98
45281
46484 100
46502 101
46520
46821 102
46839
47441 103
47648 104
47848 105
48046 103
48210 104
48211 105
48212 104
48294 105
48376 104
48457 105
48538 103
48606 105
48943
50455 103
50938
52450 104
52787
56142 126
56198
