1265 3
1606
2220 5
2336
3566 9
3621
4218 11
4320
6444 18
6499
7096 20
7114
7411 21
9827
16214 44
16269
16875 46
16930
17536 48
17591
18197 50
18252
20049 53
20067 54
20085 55
20103
21911 57
22112 58
22329
22636 59
22842
23142 57
23414 58
23686 59
23958 57
24122 58
24204 59
24368 58
24450 57
24676
26184 58
26410
27922 59
28914
32290 85
32345
32942 87
32960
33257 88
40223
45605 107
45660
46270 109
46325
46935 111
46990
48193 113
48211 114
48229 115
48247
49150 116
49349 117
49546 118
49748 116
50020 117
50292 118
51327 116
51491 117
51655 118
54553
56065 116
56291
57803 117
58029
61388 139
61443
