1265 3
1606
2220 5
2336
3566 9
3621
4218 11
4320
6444 18
6499
7096 20
7114
7411 21
9827
16214 44
16269
16875 46
16930
17536 48
17591
18197 50
18252
20049 53
20067 54
20085 55
20103
21911 57
22112 58
22329
22636 59
22842
23142 57
23414 58
23686 59
23958 57
24122 58
24286 59
24450 58
24676
24976 59
25968
28692 57
28918
32294 85
32349
32946 87
32964
33261 88
40243
45625 107
45680
46290 109
46345
46955 111
47010
48213 113
48231 114
48249
48550 115
48568
49170 116
49369 117
49566 118
49768 116
50040 117
50312 118
51347 116
51511 117
51675 118
52263 116
52489
54001 117
54227
55739 118
195127
198486 139
198541
