959 3
1301
1915 5
2031
3261 9
3317
3914 11
4020
6144 18
6200
6797 20
6815
7112 21
9241
14668 40
14724
15330 42
15386
15992 44
16048
17251 46
17269 47
17287
17588 48
17606
18208 49
18455 50
18673 51
18871 49
19035 50
19199 51
19589
21097 50
22818 49
23044
24556 50
24782
28149 72
28205
28810 74
28828
29129 75
30199
35595 94
35651
36257 96
36313
36915 98
36971
38174 100
38192 101
38210
38511 102
38529
39131 103
39338 104
39538 105
39736 104
39900 105
40064 103
40228 104
40454 105
40680
43696 103
43922
47281 126
47337
